0.6440698 
0.48040742 
0.49371013 
0.45302278 
0.429149 
0.3971885 
0.41056615 
0.39273864 
0.48570865 
0.5700339 
0.56876075 
0.43935394 
0.4117004 
0.36227605 
0.3468775 
0.3589765 
0.37724623 
0.39031088 
0.47308153 
0.4760844 
0.34405723 
0.329752 
0.34100002 
0.3231582 
0.32892445 
0.33924192 
0.3455262 
0.3084161 
0.3002815 
0.28968197 
0.2931054 
0.324167 
0.30640548 
0.3057442 
0.36202 
0.4854455 
0.38009685 
0.33025712 
0.30631915 
0.29288727 
0.32929918 
0.28027835 
0.28299698 
0.276951 
0.24167201 
0.31485012 
0.3423298 
0.32487175 
0.31350604 
0.28335246 
0.3616704 
0.28454477 
0.29711175 
0.331304 
0.33840495 
0.35907108 
0.32449728 
0.3020491 
0.26850298 
0.28899497 
0.27792946 
0.24091013 
0.27520818 
0.30767354 
0.26033968 
0.26094538 
0.25364217 
0.26836318 
0.25901702 
0.29087085 
0.34179723 
0.4201519 
0.30585152 
0.3095876 
0.26764017 
0.23511553 
0.23635313 
0.26771885 
0.27329051 
0.24595924 
0.2716048 
0.266191 
0.23484588 
0.22485754 
0.25144035 
0.29111987 
0.255194 
0.27217197 
0.19615923 
0.2273448 
0.24543814 
0.24937555 
0.3039226 
0.28432053 
0.24069257 
0.25124276 
0.23974995 
0.2638295 
0.25942123 
0.20639408 
0.21927425 
0.20981932 
0.1953218 
0.20011835 
0.19206533 
0.20651908 
0.19047877 
0.21104977 
0.18829788 
0.21114187 
0.24231617 
0.23400545 
0.1893183 
0.16416627 
0.19075038 
0.17281094 
0.14692596 
0.15520212 
0.17607732 
0.16326044 
0.13115339 
0.13374409 
0.15560098 
0.19506042 
0.20496508 
0.1711615 
0.14261688 
0.17075473 
0.15362674 
0.16586785 
0.1568252 
0.16735296 
0.19431221 
0.17329745 
0.136837 
0.13492136 
0.16259474 
0.12646396 
0.13691656 
0.12271611 
0.14172359 
0.1321828 
0.10980962 
0.1269441 
0.16308661 
0.20495239 
0.20298736 
0.22013637 
0.25491327 
0.17356029 
0.14362308 
0.13245346 
0.1240618 
0.13875364 
0.1557948 
0.15649478 
0.12369863 
0.12134941 
0.11221055 
0.117280506 
0.110693574 
0.11532438 
0.17692736 
0.15664545 
0.15519206 
0.10496968 
0.13390958 
0.102032006 
0.1404202 
0.097572275 
0.109515525 
0.109103106 
0.09091343 
0.103153646 
0.13739559 
0.13827509 
0.14893419 
0.12564631 
0.09468316 
0.10339073 
0.09692965 
0.115979135 
0.14493391 
0.18493697 
0.18906274 
0.14581276 
0.10359935 
0.10483344 
0.12404861 
0.13488814 
0.08797727 
0.07190965 
0.09555751 
0.09970563 
0.100968435 
0.08408282 
0.07679276 
0.08172862 
0.08326932 
0.07815458 
0.09868051 
0.10656025 
0.07968513 
0.09794071 
0.069229186 
0.07744517 
0.07392337 
0.08382292 
0.08930361 
0.107861385 
0.07920904 
0.09636692 
0.101108074 
0.081712306 
0.096617624 
0.08112925 
0.118616685 
0.09234847 
0.10578313 
0.11058086 
0.08716241 
0.09072067 
0.07528152 
0.067445375 
0.06788057 
0.07722529 
0.06102404 
0.09034009 
0.13170756 
0.22004287 
0.11434977 
0.08880506 
0.112704694 
0.14377004 
0.15583494 
0.06441513 
0.10246048 
0.10643665 
0.06552194 
0.082007736 
0.086965434 
0.082216226 
0.07996109 
0.06630145 
0.08202939 
0.10339787 
0.14026487 
0.07095818 
0.06819375 
0.070202544 
0.08240579 
0.096323654 
0.15612131 
0.10799547 
0.09423841 
0.071970806 
0.047184445 
0.05154621 
0.05853384 
0.08149937 
0.07940139 
0.099954866 
0.09094763 
0.06843678 
0.06812718 
0.06574939 
0.07269109 
0.04826016 
0.055037 
0.077751234 
0.07962727 
0.07090294 
0.071187876 
0.10056825 
0.08556183 
0.055245437 
0.08263688 
0.07685448 
0.06193956 
0.049448356 
0.06785873 
0.08741836 
0.0901441 
0.05682134 
0.073605835 
0.069447115 
0.08528654 
0.12901151 
0.069298804 
0.08267299 
0.08008598 
0.07629644 
0.061725408 
0.0704631 
0.070161626 
0.063700624 
0.06094399 
0.09423949 
0.08043917 
0.08514484 
0.06949933 
0.057558406 
0.0688241 
0.06635108 
0.071580224 
0.053495657 
0.040657196 
0.044399526 
0.036728512 
0.048672955 
0.053432006 
0.05560266 
0.059367012 
0.06817921 
0.038968988 
0.054037176 
0.054337002 
0.07136235 
0.07485339 
0.072958015 
0.06783183 
0.0796479 
0.12266682 
0.14062268 
0.14265768 
0.07547435 
0.047260664 
0.052000947 
0.058781408 
0.051141806 
0.05296669 
0.054981034 
0.044238 
0.055502385 
0.0796273 
0.11992276 
0.1202124 
0.09755684 
0.09647688 
0.08631535 
0.095353626 
0.08453918 
0.045586593 
0.057299472 
0.06470482 
0.069635764 
0.08344669 
0.083058834 
0.081327125 
0.056193195 
0.05230496 
0.07021694 
0.050138198 
0.044621218 
0.047609564 
0.04784159 
0.047063112 
0.065347865 
0.08246377 
0.11970528 
0.08286269 
0.04659706 
0.05307587 
0.04319432 
0.036881205 
0.049396746 
0.050936032 
0.04452372 
0.057451725 
0.03815015 
0.04075967 
0.04402288 
0.05286517 
0.04625796 
0.044765625 
0.04005149 
0.037001118 
0.07241377 
0.057929523 
0.06470819 
0.0820293 
0.089508995 
0.066002265 
0.06915666 
0.10103512 
0.06737372 
0.064566076 
0.05452857 
0.04134066 
0.05280619 
0.052157573 
0.044761434 
0.06680702 
0.040708408 
0.04499066 
0.047004104 
0.048993707 
0.05719922 
0.032975726 
0.04763397 
0.08015137 
0.111828625 
0.11265466 
0.08526548 
0.0262154 
0.047334306 
0.05228238 
0.04404059 
0.06641698 
0.06285587 
0.071706444 
0.038620323 
0.043698244 
0.048637368 
0.048376158 
0.0618849 
0.04355513 
0.052469365 
0.042445034 
0.049424957 
0.040068194 
0.05191282 
0.045669824 
0.049852118 
0.07876594 
0.09314102 
0.1291716 
0.08800989 
0.083864145 
0.097637035 
0.06723604 
0.052238874 
0.043168485 
0.058203142 
0.06356437 
0.07126151 
0.029323345 
0.0397006 
0.045458294 
0.037889563 
0.03591784 
0.038518153 
0.035780273 
0.029475829 
0.04004521 
0.03881885 
0.038592473 
0.047814615 
0.045110743 
0.044294726 
0.03454298 
0.043090947 
0.07211368 
0.11020257 
0.05245344 
0.04075093 
0.043520533 
0.03328755 
0.0353465 
0.048575934 
0.057270966 
0.04675888 
0.05300338 
0.050068013 
0.049799167 
0.03387612 
0.04286934 
0.034018498 
0.037114017 
0.04613459 
0.05464549 
0.039662518 
0.077350125 
0.071088396 
0.061056953 
0.043852527 
0.072888434 
0.102100275 
0.067519665 
0.053204466 
0.054316916 
0.057990003 
0.06999455 
0.11375622 
0.17861749 
0.12593743 
0.06697632 
0.080509 
0.043886047 
0.056094658 
0.079913475 
0.053489238 
0.06967604 
0.06657008 
0.0707356 
0.053066038 
0.04403245 
0.056284923 
0.03960874 
0.033439852 
0.032952573 
0.044414185 
0.04082059 
0.03965606 
0.041528773 
0.05036037 
0.045296498 
0.034083966 
0.04102581 
0.027756404 
0.0295049 
0.043593343 
0.050294578 
0.04220841 
0.04725474 
0.04273835 
0.03859212 
0.029973561 
0.05431246 
0.053908907 
0.07068238 
0.07415769 
0.07619953 
0.07369117 
0.053165764 
0.035259817 
0.03896589 
0.04356115 
0.0420732 
0.04690299 
0.035259355 
0.05633392 
0.042873457 
0.03319686 
0.03915135 
0.051228095 
0.06541031 
0.09960242 
0.12012142 
0.053340495 
0.05866624 
0.10191178 
0.037265185 
0.040628504 
0.028184325 
0.036877435 
0.037398092 
0.050460912 
0.049258668 
0.038913082 
0.05309202 
0.07425994 
0.0922143 
0.13017642 
0.04996287 
0.053512532 
0.064419016 
0.032233372 
0.033739284 
0.04043726 
0.032376356 
0.027473414 
0.032314338 
0.038216904 
0.0285225 
0.031144569 
0.038373053 
0.05337768 
0.03767092 
0.03259985 
0.051021684 
0.047327794 
0.04363031 
0.03916168 
0.038668822 
0.028658021 
0.02683573 
0.02704311 
0.02552163 
0.02502198 
0.024799109 
0.06068158 
0.09320585 
0.09238512 
0.044305984 
0.06644939 
0.10276401 
0.05342391 
0.035995252 
0.04642537 
0.033849787 
0.03396476 
0.03253337 
0.04028441 
0.043376487 
0.036560394 
0.030946445 
0.02621508 
0.025033915 
0.031572472 
0.022931656 
0.017367408 
0.018585041 
0.025623202 
0.024009082 
0.024977755 
0.028070083 
0.026380297 
0.03481499 
0.034662805 
0.03502502 
0.029667158 
0.028212488 
0.026094988 
0.027188575 
0.018498244 
0.023928624 
0.036470167 
0.033900302 
0.03221007 
0.06053383 
0.095295385 
0.114309505 
0.15911959 
0.254175 
0.15477553 
0.0718712 
0.05869793 
0.042836525 
0.035580683 
0.0526419 
0.03181052 
0.037638526 
0.038675677 
0.03853088 
0.040453047 
0.035522915 
0.040476754 
0.03409644 
0.026248211 
0.026929568 
0.041559335 
0.079434946 
0.024599584 
0.030500451 
0.030633543 
0.033935223 
0.02587584 
0.02827946 
0.035327353 
0.034908723 
0.038450085 
0.02995782 
0.027219642 
0.03526452 
0.038841747 
0.04207762 
0.037598893 
0.023639124 
0.024336813 
0.025522083 
0.026827311 
0.03935907 
0.026710168 
0.04491075 
0.0543999 
0.100152805 
0.11544694 
0.07293921 
0.04143234 
0.038659345 
0.04024475 
0.053460993 
0.042835902 
0.03355189 
0.036632314 
0.035280935 
0.050261844 
0.05397681 
0.03325223 
0.030037379 
0.024133561 
0.019143395 
0.02878285 
0.023008559 
0.024436865 
0.036075655 
0.01766016 
0.022319011 
0.028300274 
0.029953819 
0.03741048 
0.050904386 
0.065159485 
0.042608954 
0.042244293 
0.054463744 
0.065504596 
0.09433589 
0.062266935 
0.088839956 
0.041772813 
0.01725147 
0.031038497 
0.017489739 
0.021230334 
0.026237642 
0.028062433 
0.034590498 
0.023652365 
0.025667768 
0.023536667 
0.03132791 
0.027098384 
0.04465688 
0.04036437 
0.03752535 
0.028436273 
0.039158937 
0.042506017 
0.026406145 
0.037005927 
0.034682207 
0.038268585 
0.077650264 
0.04860598 
0.024642134 
0.028262034 
0.030054962 
0.012772997 
0.029978568 
0.025160845 
0.051580884 
0.04830623 
0.07442249 
0.09005368 
0.17685585 
0.07443721 
0.031856127 
0.049584 
0.0355576 
0.023865152 
0.022698183 
0.024180353 
0.04185098 
0.04114046 
0.03252229 
0.025231484 
0.027933199 
0.01617032 
0.029923702 
0.021508107 
0.027885795 
0.029574284 
0.044466086 
0.02703615 
0.033098184 
0.035898365 
0.027961075 
0.019409027 
0.028205976 
0.020927507 
0.026145015 
0.018788483 
0.028892953 
0.03812895 
0.030363023 
0.029221123 
0.03179662 
0.030923199 
0.031258248 
0.03246267 
0.023824966 
0.024317855 
0.02081855 
0.023918996 
0.033533182 
0.032259542 
0.023121312 
0.03450596 
0.037078302 
0.034954205 
0.03987933 
0.12066517 
0.14952467 
0.13080868 
0.105097964 
0.06371316 
0.052472003 
0.042022645 
0.031565756 
0.029623032 
0.07976824 
0.06115237 
0.044290297 
0.047558524 
0.030442867 
0.038864203 
0.035686538 
0.042678945 
